15
0 0 0 0 1 0 0 0 3 1 0 0 3 0 0 WORLD (file_position = 0)
0 1 1 4 2 0 0 0 2 1 1 1 2 3 0 
0 1 2 0 0 0 0 0 3 4 3 3 3 2 0 
0 3 2 0 1 4 1 2 1 3 2 1 2 1 1 
2 1 2 2 2 1 2 0 1 3 2 1 2 2 0 
4 3 1 1 3 4 4 0 1 1 2 3 3 3 0 
0 1 1 1 3 2 1 1 1 1 1 1 1 0 0 
2 2 4 3 3 1 2 2 4 1 3 1 3 1 0 
0 4 1 2 1 1 1 1 1 3 1 1 1 3 0 
0 1 2 3 1 2 2 3 2 1 2 1 1 2 1 
0 3 1 3 1 1 3 2 2 1 2 2 1 1 0 
0 4 3 3 1 0 0 1 2 1 1 3 4 4 4 
0 0 0 0 0 0 0 0 2 3 4 1 2 1 2 
0 1 0 0 0 0 0 0 0 3 3 2 4 3 0 
0 1 0 0 0 0 0 0 0 0 1 0 0 0 0 
0 0 0 0 1 0 0 0 3 1 0 0 3 0 0 PATH (file_position = 1) 
0 1 1 4 2 0 0 0 2 1 1 1 2 3 0 
0 1 2 0 0 0 0 0 3 4 3 3 3 2 0 
0 3 2 0 1 4 1 2 1 3 2 1 2 1 1 
2 1 2 2 2 1 2 0 1 3 2 1 2 2 0 
4 3 1 1 3 4 4 0 1 1 2 3 3 3 0 
0 1 1 1 3 2 1 1 1 1 1 1 1 0 0 
2 2 4 3 3 1 2 2 4 1 3 1 3 1 0 
0 4 1 2 1 1 1 1 1 3 1 1 1 3 0 
0 1 2 3 1 2 2 3 2 1 2 1 1 2 1 
0 3 1 3 1 1 3 2 2 1 2 2 1 1 0 
0 4 3 3 1 0 0 1 2 1 1 3 4 4 4 
0 0 0 0 0 0 0 0 2 3 4 1 2 1 2 
0 1 0 0 0 0 0 0 0 3 3 2 4 3 0 
0 1 0 0 0 0 0 0 0 0 1 0 0 0 0
0 0 0 0 1 0 0 0 3 1 0 0 3 0 0 JOBS (file_position = 2)
0 1 1 4 2 0 0 0 2 1 1 1 2 3 0 
0 1 2 0 0 0 0 0 3 4 3 3 3 2 0 
0 3 2 0 1 4 1 2 1 3 2 1 2 1 1 
2 1 2 2 2 1 2 0 1 3 2 1 2 2 0 
4 3 1 1 3 4 4 0 1 1 2 3 3 3 0 
0 1 1 1 3 2 1 1 1 1 1 1 1 0 0 
2 2 4 3 3 1 2 2 4 1 3 1 3 1 0 
0 4 1 2 1 1 1 1 1 3 1 1 1 3 0 
0 1 2 3 1 2 2 3 2 1 2 1 1 2 1 
0 3 1 3 1 1 3 2 2 1 2 2 1 1 0 
0 4 3 3 1 0 0 1 2 1 1 3 4 4 4 
0 0 0 0 0 0 0 0 2 3 4 1 2 1 2 
0 1 0 0 0 0 0 0 0 3 3 2 4 3 0 
0 1 0 0 0 0 0 0 0 0 1 0 0 0 0
0 0 0 0 1 0 0 0 3 1 0 0 3 0 0 WEIGHTS (file_position = 3)
0 1 1 4 2 0 0 0 2 1 1 1 2 3 0 
0 1 2 0 0 0 0 0 3 4 3 3 3 2 0 
0 3 2 0 1 4 1 2 1 3 2 1 2 1 1 
2 1 2 2 2 1 2 0 1 3 2 1 2 2 0 
4 3 1 1 3 4 4 0 1 1 2 3 3 3 0 
0 1 1 1 3 2 1 1 1 1 1 1 1 0 0 
2 2 4 3 3 1 2 2 4 1 3 1 3 1 0 
0 4 1 2 1 1 1 1 1 3 1 1 1 3 0 
0 1 2 3 1 2 2 3 2 1 2 1 1 2 1 
0 3 1 3 1 1 3 2 2 1 2 2 1 1 0 
0 4 3 3 1 0 0 1 2 1 1 3 4 4 4 
0 0 0 0 0 0 0 0 2 3 4 1 2 1 2 
0 1 0 0 0 0 0 0 0 3 3 2 4 3 0 
0 1 0 0 0 0 0 0 0 0 1 0 0 0 0